# aa_w 	 qq_T_c 	 SST_w 	 SST_c 	 RR_w_0 	 RR_w_1 	 RR_w_2 	 RR_c_0 	 RR_c_1 	 RR_c_2 	 MM_w 	 MM_c 	 SS_w 	 SS_c 	 EE_w 	 EE_c 	 residuals 
0.33	2.0	22.8229694882	20.8624807166	107.850089944	106.08387646	66.8955375757	158.545896896	147.783347717	41.9861426232	0.00197628765921	0.00544150243526	23.5554508854	10.762549179	60.6946321437	124.183348405	12738.1132319	6.91449222856e-06	-6.88430581874e-07	
0.33	4.0	23.5280797991	22.1104831233	109.06172875	106.997409765	65.7000150568	161.023324809	150.144018646	50.01692016	0.00252890035879	0.00636185695789	20.4845651501	10.8793061621	64.9771359179	126.544027241	12915.4966501	2.76824231058e-05	-8.59419819932e-06	
0.33	6.0	23.4039722699	22.5551693988	108.83836003	106.788878932	65.9137446329	163.68208575	153.493263181	57.7333652591	0.00342753485551	0.00849770634025	16.7816741861	10.1888225696	70.455560692	131.786826628	12915.4966501	-1.99887484811	-1.89356344698	
0.33	8.0	27.1563586826	26.411612411	116.445494739	112.922664144	59.7078123737	170.399397219	158.561623829	50.7372076386	0.00390363314742	0.00839004989804	16.285212163	11.8377733909	87.6231004873	153.737852884	13936.1927422	-11.0628179116	-18.7762290552	


0.4	2.0	25.8718715222	22.5750237561	127.99163809	123.884516641	65.5037715529	157.882492396	146.251993251	30.4269375837	0.00235557325705	0.00463185226332	27.1503237365	11.6304991449	77.2413153071	122.651994772	13556.0178533	-9.53649820445e-07	-1.52119756791e-06	
0.4	4.0	25.0451791182	22.7649958288	126.300416902	122.525372538	66.8437363073	159.312044603	148.199706482	43.1113925555	0.00303334085148	0.00578301796388	23.6732328172	11.1123381217	79.0271833455	124.599705902	13277.7082936	7.39441876618e-07	5.79601625361e-07	
0.4	6.0	22.0478262814	21.0911466594	120.881056622	118.187986187	71.9194080671	160.053973979	151.005391938	60.0520502873	0.00470488636893	0.009751859785	16.7711433846	9.04858204122	80.5099130181	127.405391892	12563.1660247	2.19534470602e-07	4.60414284476e-08	
0.4	8.0	24.7689754988	24.1042493574	125.737024816	121.99954003	67.2970517959	165.344807049	155.49503191	56.7153207861	0.00571282724235	0.0110417813127	14.8131836605	9.84977513932	100.279900864	148.880115191	13277.7082936	-12.9560597084	-16.9850832812	


0.5	2.0	32.5342751991	25.8634840948	157.324369269	150.988662812	59.3722323651	157.892415967	144.520715061	7.22215182274	0.00242362811553	0.00347092840088	29.6284677873	13.3717009058	104.095916341	120.920751899	15566.5435927	-1.48595381333e-05	-3.68379517752e-05	
0.5	4.0	33.3510934298	27.6438082502	159.269715949	153.150904055	58.26781689	161.805143569	147.290624287	13.1536786446	0.0026614827388	0.00365618916221	27.1109275984	14.5145192815	108.558868686	123.690592699	15892.8286562	-8.0335091905e-05	3.15881495894e-05	
0.5	6.0	32.3621003524	28.0533750873	156.892559145	150.477167055	59.6544774335	163.979668053	149.970348138	22.4424167038	0.00314096441297	0.00435270403279	25.2825255631	14.0093199155	109.244745816	127.70752199	15566.5435927	-1.2347122342	-1.33717385202	
0.5	8.0	30.7552044736	28.0990531664	152.916406204	146.407754063	61.7227914807	165.872247508	152.986522034	32.492992782	0.00406864359574	0.00586275664558	22.174455081	12.8857254733	111.984259105	138.996141473	15037.553213	-4.84230798212	-9.60961943824	


0.67	2.0	50.8502141311	32.4591465245	184.055933584	193.004710706	33.6767367257	160.063405939	142.712782631	-65.0328918584	0.00157579227966	0.00195471943959	8.86387108426	17.3506233076	151.592058861	119.112787841	23898.9256623	3.63843244955e-06	-5.20986552743e-06	
0.67	4.0	38.8248194989	27.2195953803	183.404521465	180.787204487	54.0095136292	147.221258385	134.616597801	-15.8164878951	0.00255658602331	0.00288089367109	19.1833254564	12.6046605845	115.197425059	109.578246898	17875.255259	25.4237709491	1.43835090316	
0.67	6.0	48.9953471672	34.3030537862	185.407404922	193.146534416	37.1551422513	166.065330464	150.21816136	-46.8172157592	0.00188307095695	0.00228536814663	8.89817172941	15.8471691034	152.14665263	126.152519956	22769.7025538	0.762580562204	0.46564140448	
0.67	8.0	40.6240744469	30.5319928869	185.341047059	184.753998377	50.9206799402	157.109348324	144.070837656	-12.8513778842	0.00290015775291	0.00325016525635	16.8396661264	13.0385106684	135.691463499	116.11774006	18632.4631193	9.20991743414	4.3530975954	
