# aa_w 	 qq_T_c 	 SST_w 	 SST_c 	 RR_w_0 	 RR_w_1 	 RR_w_2 	 RR_c_0 	 RR_c_1 	 RR_c_2 	 MM_w 	 MM_c 	 SS_w 	 SS_c 	 EE_w 	 EE_c 	 residuals 
0.33	2.0	309.048078707	305.451406149	125.154997101	122.799813486	24.0643343129	165.91600391	144.010912781	-24.8865427602	0.00134233511535	0.00235487342646	19.6544351641	21.9050911294	81.9005849607	120.410923154	19556.5071587	-2.30243077297e-05	-1.03737076174e-05	
0.33	4.0	312.713364202	309.259858158	130.454505876	131.284757622	18.5195433171	177.802217822	155.337303672	-28.789712771	0.00132918084334	0.00223029764664	14.9016740767	22.4649141493	91.9528314706	131.737303391	21544.3469003	3.28222750312e-07	2.80989290502e-07	
0.33	6.0	314.796465572	311.609807135	132.036467779	134.878762764	14.3227454931	184.463201294	164.12157822	-30.5049417038	0.0013360400222	0.00222028248391	11.6088611131	20.3416230742	96.8276059011	140.521577942	22769.7025538	7.64878848258e-07	2.78684403554e-07	
0.33	8.0	315.981979755	313.079455609	132.522601456	136.496953745	11.9054834301	188.052929966	170.305048123	-29.6249916218	0.00137251160495	0.00227080567016	9.48780482409	17.7478818433	99.4348001237	146.705047333	23408.2727618	-3.49172218961e-06	7.89728225925e-07	
0.4	2.0	313.901371645	307.960151497	145.799560103	147.137799806	19.8075246986	171.654684889	148.978604606	-43.7831604257	0.00135314203957	0.00206936629093	17.2142523971	22.6760802827	104.985295984	125.378611703	22148.5523373	1.17226226912e-05	-7.09692603351e-06	
0.4	4.0	316.678285308	311.221452201	146.995677012	150.962971482	14.3080408859	181.133191924	159.781202082	-45.2800926724	0.0013146414954	0.00200473878246	12.5404486943	21.3519898421	110.855228785	136.181202392	23898.9256623	-4.66931009413e-07	-3.10140428894e-07	
0.4	6.0	318.05696592	313.077410014	147.003097496	152.209022617	11.1811304436	185.6928216	166.963436431	-43.9928111537	0.00132694605671	0.00202435644417	10.0053925753	18.729385169	113.397698904	143.363437162	24739.6410089	6.01682268808e-06	-7.31105679108e-07	
0.4	8.0	319.515834121	314.924452698	146.718431172	153.136617361	8.10730505226	189.368761564	174.086059422	-44.2956620275	0.00131171093203	0.00202037789454	7.57978904042	15.2827021419	115.538634592	150.486060392	25787.6288759	7.53880409121e-06	-9.70273994483e-07	
0.5	2.0	321.386762437	311.719543404	159.476301576	166.643321673	7.17732638336	178.333730116	157.239174646	-73.844451567	0.00118281097253	0.00171769405106	9.53793647297	21.0945554701	126.338364615	133.63917568	27066.5207003	4.87185946696e-07	-1.03440780919e-06	
0.5	4.0	322.487847996	313.674555894	158.873681422	166.755801449	4.44338149084	182.750798065	164.322031852	-70.3170081037	0.00118796628826	0.00173089218048	7.46426750691	18.4287662131	127.809416438	140.72204838	27825.5940221	-2.52314316285e-06	-1.65282995184e-05	
0.5	6.0	323.259377838	315.135396518	158.349421168	166.619619559	2.63521224473	185.396015703	170.100594587	-68.5268495912	0.00119654794474	0.0017616465163	6.12725449955	15.2954211167	128.622194313	146.500599152	28408.8369018	-2.76444933967e-05	-4.56482587907e-06	
0.5	8.0	323.610667458	316.105515361	158.116776456	166.60774498	1.76486817154	186.719763372	174.163610261	-65.7926999735	0.00122926023211	0.00181544184375	5.21594964003	12.5561531106	129.300821113	150.56362204	28605.9553518	5.70299871328e-06	-1.17788265257e-05	
0.67	2.0	331.866879058	312.931262708	163.551758636	175.354167923	-14.2694479745	167.277556759	149.953269573	-124.543715029	0.000929043866726	0.00134685311844	0.834381631392	17.3242871853	139.117371382	126.353277159	35200.314728	5.62336296639e-06	-7.58580041094e-06	
0.67	4.0	332.166550108	314.612825156	163.140651565	175.007250907	-15.1083316234	170.324186303	155.859175905	-119.712174115	0.000942691743424	0.00137522901238	0.0947846564548	14.4650103983	139.445869607	132.259176215	35444.5567397	-2.69913789097e-06	-3.09625256989e-07	
0.67	6.0	332.209186813	315.797327088	163.082241037	174.958788057	-15.2361238758	171.963224579	160.406001146	-116.242057727	0.000964963419844	0.00141710258308	-0.352733976337	11.5572234328	139.834978266	136.806003573	35444.5567397	-3.25257922995e-06	-2.42697948494e-06	
0.67	8.0	332.214529381	316.79984674	163.074909487	174.952760971	-15.2523119038	172.991580596	164.275472904	-113.54215191	0.000987740968966	0.0014604410851	-0.723206626334	8.71610769268	140.198113457	140.675474517	35444.5567397	2.65612360195e-06	-1.61367132279e-06	
