# aa_w 	 qq_T_c 	 SST_w 	 SST_c 	 RR_w_0 	 RR_w_1 	 RR_w_2 	 RR_c_0 	 RR_c_1 	 RR_c_2 	 MM_w 	 MM_c 	 SS_w 	 SS_c 	 EE_w 	 EE_c 	 residuals 
0.33	2.0	290.311847151	289.304865566	60.2763366397	60.4255882508	23.3109818412	113.874585389	104.846695691	5.58706171481	0.00167814432792	0.00484643208131	9.81862154739	9.02788969849	26.8577194555	81.2467044254	-4.363231902e-06	-8.73477466001e-06	
0.33	4.0	294.888027551	294.016952721	67.1486235353	65.0467010449	14.2593771657	118.923778232	107.936402073	-0.238557443508	0.00193364269723	0.00445853062169	10.0343490866	10.987376159	33.5142913272	84.3364388493	-1.68785797108e-05	-3.67765210498e-05	
0.33	6.0	299.151937856	298.26762432	75.9489731326	72.353184971	6.60603323065	126.2250225	113.368090547	-7.71371279274	0.00204311936961	0.00404959228551	10.9101495938	12.8569319537	41.4388317849	89.7680919584	-8.24611920791e-06	-1.41181137536e-06	
0.33	8.0	302.517471603	301.624709691	84.0840674486	79.4471458086	1.21434824973	134.148226777	119.641924239	-13.4340608683	0.00210286195056	0.00382959260395	11.6200025282	14.5063025382	48.8641049614	96.0419075146	-4.00410265335e-05	1.67245083915e-05	


0.4	2.0	292.35790208	290.18429078	77.30197313	75.1724993159	22.9690656286	112.03487618	102.829435239	-2.59312870538	0.00200127567435	0.00423588827944	16.023100327	9.20544094052	37.6788810863	79.2294352371	-8.28337481451e-06	2.23210605554e-09	
0.4	4.0	296.821365571	294.824170422	85.1692572264	81.2209065232	13.7549379139	117.43471718	106.169696848	-8.49535570567	0.00217590446104	0.00390725166753	15.7238987162	11.2650203317	45.8454017886	82.5696676218	-4.32783406481e-05	2.92261893051e-05	
0.4	6.0	300.604906441	298.668194823	93.681521086	88.5843494256	7.91886897446	124.542951413	111.619618788	-14.3187260414	0.0022420194081	0.00369843844145	15.9058499833	12.9233326243	54.1756702955	88.0196148213	8.07196236963e-07	3.9670343952e-06	
0.4	8.0	304.135077649	302.165327052	102.436198287	96.6568492925	1.93829329704	132.848674499	118.05206325	-21.3192025631	0.00223082515402	0.00345865677617	16.0597000889	14.796611249	62.7765008893	94.4520632937	-2.69111026086e-06	-4.32764650782e-08	


0.5	2.0	297.384712276	292.041345632	99.8658429544	94.7814885227	16.4792941244	109.135063957	99.5879557714	-20.5042121112	0.00211976083352	0.00324455851068	22.5252413481	9.54710818509	53.7406027144	75.9879541682	-1.10807626186e-06	1.60321466325e-06	
0.5	4.0	302.977191046	297.356959726	113.080852819	106.609657144	7.57564721803	116.382434724	104.201923004	-31.180209318	0.00206053242003	0.00284051866565	22.5313538748	12.1805117198	66.9494602129	80.6019314093	3.87314645671e-05	-8.40499190957e-06	
0.5	6.0	305.832015029	300.598972611	120.175710412	113.950108392	2.31508237022	123.489103786	109.584128356	-35.7892556887	0.00212815187496	0.00281654934156	21.0531589288	13.9049754298	75.5225496525	85.9841291585	1.83039892931e-06	-8.02478432149e-07	
0.5	8.0	309.735076804	304.367101937	128.589878865	124.544365013	-4.73086081772	133.315591174	117.244380194	-44.6244890375	0.002042379018	0.00260666366957	18.1219739475	16.0712109793	87.1364319825	93.5073413292	-0.268527065405	0.137038865113	


0.67	2.0	310.492294062	291.741493742	143.649121775	139.661211519	-2.5131341078	97.9439080391	91.5938752296	-65.3886412313	0.00180308583095	0.00187325620023	21.39211187	6.35003280944	80.5025703766	62.2310397599	18.1544395284	5.76283546972	
0.67	4.0	323.266821455	302.401593571	148.057511245	155.024804062	-29.7918174954	114.521913264	101.31260612	-110.178957417	0.00130547919945	0.00146131664524	8.14062387552	13.209307144	116.316896705	77.7125703837	-9.33467774544e-06	3.57361714762e-05	
0.67	6.0	297.292573472	291.889401992	113.365087823	107.278969972	20.0731423637	99.9784008984	93.3224068317	-18.509720449	0.00323173942248	0.00425335359373	17.4733285672	6.65599406674	57.2131952626	64.3571861599	15.0785639935	5.36522067182	
0.67	8.0	323.264608384	307.147150019	148.058741598	155.024990907	-29.7849880588	128.390077199	114.810557301	-107.02918786	0.0013946540382	0.00166681136694	6.34504017906	13.5795198979	118.113706489	91.2105553134	-5.07069221811e-06	1.98772240623e-06	
