#     z(km)      p(mb)        T(K)    air(cm-3)    o3(cm-3)     o2(cm-3)    h2o(cm-3)    co2(cm-3)     no2(cm-3)
	99.3109181375	0.0136896726535	195.0	5.08481591328e+14	5128664.60411	2.02189295342e+12	0.0	2535716003.98	2123.79929947
	75.3142016597	0.205602098531	195.0	7.63677005926e+15	166338797.442	1.85919592688e+14	0.0	293445131436.0	190508.856966
	57.1158647813	1.60453514756	195.0	5.9597961604e+16	14189672251.0	2.02933759494e+15	0.0	3.20421725516e+12	3058578.16292
	43.3148322338	7.62179503354	195.0	2.83099717979e+17	296681917096.0	1.14796311241e+16	0.0	1.81257333538e+13	96908419.1233
	32.8485736603	24.8456772975	195.0	9.2285402651e+17	2.42412248829e+12	5.15458663341e+16	118359670577.0	8.13882100012e+13	1780606210.7
	24.9113002607	60.8751883641	195.0	2.26111415775e+18	4.51770036249e+12	1.78420436633e+17	697953619786.0	2.81716478894e+14	3136459731.46
	18.8919277621	120.112742401	195.681705133	4.44585855383e+18	2.15396628958e+12	5.07910403376e+17	1.82036829749e+12	8.01963794804e+14	2488889067.02
	14.3270295341	201.103856862	237.228247294	6.14003408738e+18	572755564974.0	1.07518530387e+18	3.44846707321e+14	1.69766100611e+15	504281623.675
	10.8651577465	297.28080016	259.773001462	8.28876127275e+18	511033652247.0	1.65191080368e+18	3.49679445978e+15	2.60828021633e+15	204416239.901
	8.23978568453	399.850009224	272.406012707	1.06315651194e+19	489544643796.0	2.22786385485e+18	1.20233990069e+16	3.51767977082e+15	245681144.89
	6.24878807201	500.635895348	280.632306019	1.29211480525e+19	533290427826.0	2.75477910855e+18	2.64777015457e+16	4.34965122403e+15	303157509.554
	4.73887960972	593.687008841	286.395688705	1.50143955262e+19	571104351762.0	3.21546396929e+18	4.57096504586e+16	5.07704837256e+15	353854886.572
	3.5938136638	675.621918258	290.573813431	1.68408512515e+19	609706861874.0	3.60198521882e+18	6.76320694134e+16	5.68734508234e+15	396390717.86
	2.72543253128	745.217746144	293.6563506	1.83806376526e+19	650285563552.0	3.92944136825e+18	9.00850166731e+16	6.20438110777e+15	432426562.056
	2.06688024963	802.738472847	295.953019406	1.96457261245e+19	675177017411.0	4.20903556065e+18	1.11380842359e+17	6.64584562208e+15	463195300.933
	1.56745541021	849.302590006	297.674230254	2.06651228697e+19	688463267057.0	4.41707994535e+18	1.30474886884e+17	6.97433634607e+15	486090137.527
	1.18870769771	886.407944948	280.21639906	2.29116768224e+19	697976211110.0	4.57959835652e+18	2.4275982067e+17	7.23094397664e+15	503974938.756
	0.901477631452	915.624560388	280.806924339	2.36170910216e+19	702778701744.0	4.7060053621e+18	2.60426160721e+17	7.43053387243e+15	517885757.552
	0.683651600451	938.421888145	281.254827577	2.41665650605e+19	702809217391.0	4.80297850517e+18	2.74381568484e+17	7.58364956711e+15	528557443.152
	0.518459354389	956.066945722	281.695974724	2.45824092694e+19	702832360358.0	4.87784994111e+18	2.84699953651e+17	7.70186778569e+15	536796883.471
	0.393182875571	969.609126494	282.917190013	2.48229928011e+19	702849911748.0	4.93540723645e+18	2.8748625989e+17	7.79274785191e+15	543130939.897
	0.298177229002	979.969859129	283.843320355	2.50063797676e+19	702863222448.0	4.9795092332e+18	2.89610146946e+17	7.86238268137e+15	547984269.683
	0.226128006634	987.879557085	284.545667777	2.51459937411e+19	702873317023.0	5.01321733478e+18	2.91227079256e+17	7.91560607495e+15	551693773.684
	0.171488196987	993.908289731	285.07830544	2.5252182937e+19	702880972520.0	5.03893252993e+18	2.92456904161e+17	7.95620907246e+15	554523675.543
	0.130051125217	998.497743108	285.482240689	2.53328921036e+19	702886778258.0	5.05852201675e+18	2.9339163337e+17	7.98713988536e+15	556679456.389
	0.0	1013.0	287.75	2.54982805759e+19	702905000000.0	5.1205e+18	2.96336913335e+17	8.085e+15	563500000.0
